0 9999.96 -0.371467
0.1 9999.89 -0.742934
0.2 9999.78 -1.1144
0.3 9999.63 -1.48586
0.4 9999.44 -1.85732
0.5 9999.22 -2.22876
0.6 9998.96 -2.60021
0.7 9998.66 -2.97164
0.8 9998.33 -3.34306
0.9 9997.96 -3.71446
1 9997.55 -4.08586
1.1 9997.1 -4.45724
1.2 9996.62 -4.8286
1.3 9996.1 -5.19994
1.4 9995.54 -5.57126
1.5 9994.95 -5.94256
1.6 9994.32 -6.31384
1.7 9993.65 -6.6851
1.8 9992.94 -7.05633
1.9 9992.2 -7.42753
2 9991.42 -7.7987
2.1 9990.6 -8.16984
2.2 9989.75 -8.54095
2.3 9988.86 -8.91203
2.4 9987.93 -9.28307
2.5 9986.96 -9.65408
2.6 9985.96 -10.025
2.7 9984.92 -10.396
2.8 9983.85 -10.7669
2.9 9982.73 -11.1377
3 9981.58 -11.5085
3.1 9980.39 -11.8793
3.2 9979.17 -12.25
3.3 9977.91 -12.6206
3.4 9976.61 -12.9913
3.5 9975.27 -13.3618
3.6 9973.9 -13.7323
3.7 9972.49 -14.1028
3.8 9971.04 -14.4732
3.9 9969.56 -14.8435
4 9968.03 -15.2138
4.1 9966.48 -15.584
4.2 9964.88 -15.9542
4.3 9963.25 -16.3243
4.4 9961.58 -16.6943
4.5 9959.87 -17.0643
4.6 9958.13 -17.4342
4.7 9956.35 -17.8041
4.8 9954.53 -18.1738
4.9 9952.68 -18.5435
5 9950.79 -18.9131
5.1 9948.86 -19.2827
5.2 9946.89 -19.6522
5.3 9944.89 -20.0215
5.4 9942.85 -20.3909
5.5 9940.77 -20.7601
5.6 9938.66 -21.1292
5.7 9936.51 -21.4983
5.8 9934.32 -21.8673
5.9 9932.1 -22.2362
6 9929.84 -22.605
6.1 9927.54 -22.9737
6.2 9925.21 -23.3423
6.3 9922.84 -23.7109
6.4 9920.43 -24.0793
6.5 9917.99 -24.4476
6.6 9915.5 -24.8159
